0	0	0	0	0
0.01	0.056531359197340016	0.025465912616007814	0.0001129277547658126	6.140764370540784e-7
0.02	0.09352596520641698	0.05442620567759354	0.00044815552786565873	2.4561986072185443e-6
0.03	0.11605761075854835	0.07543134952226611	0.0009955083905129896	5.52604517398891e-6
0.04	0.1319527361708544	0.09116980482055424	0.0017394960575738614	9.823080864351804e-6
0.05	0.14416029273855668	0.10355684059283565	0.0026610285312697064	0.000015346556900058144
0.060000000000000005	0.15404635743058528	0.11369469775254025	0.0037391324546162384	0.00002209551160079537
0.06999999999999999	0.16234425361121044	0.1222411845745897	0.004952397629556795	0.000030068771152781013
0.08	0.16949001896404875	0.12961142123667804	0.00628004605772214	0.00003926495055377356
0.09	0.1757629905080171	0.13608104327662118	0.007702631848063157	0.00004968245471629941
0.09999999999999999	0.18135241869260973	0.14184108547695898	0.009202435815844158	0.00006131947973809283
0.11	0.18639228211013043	0.14702878350306464	0.010763633720190154	0.0000741740143327489
0.12	0.19098081536482514	0.15174572294146316	0.01237231098643135	0.00008824384141811696
0.13	0.19519214986666777	0.15606906584667055	0.014016378823585916	0.00010352653985892663
0.14	0.1990835680914366	0.16005865340685227	0.01568543959976725	0.000120019486360259
0.15000000000000002	0.20270024575571388	0.16376180848372401	0.017370620573130796	0.00013771985750743302
0.16	0.2060784391151324	0.1672165625290275	0.019064404432960504	0.00015662463194851287
0.17	0.20924767341123252	0.1704539071859028	0.020760464830451106	0.00017673059271454986
0.18000000000000002	0.21223231430441036	0.17349941332755153	0.02245350870239516	0.0001980343296730965
0.19	0.21505270265004428	0.17637444750751125	0.024139137048396438	0.00022053224210996075
0.2	0.21772599413922059	0.1790969879560256	0.025813714570546833	0.0002442205414340193
0.21000000000000002	0.2202667900553383	0.18168234151631524	0.027474270552831633	0.000269095253988078
0.22	0.2226876180922889	0.18414362631756695	0.029118379626675312	0.0002951522240300551
0.23	0.22499931296418674	0.18649214989662108	0.030744101212630718	0.0003223871167074219
0.24000000000000002	0.22721130220731808	0.1887378689723562	0.03234989331822166	0.0003507954212441198
0.25	0.22933184232601794	0.19088929531084606	0.0339345548937108	0.0003803724541849195
0.26	0.23136820234949376	0.19295404749845949	0.03549717257963749	0.0004111133626582595
0.27	0.23332682524760945	0.19493883983533344	0.037037074185932634	0.0004430131278837131
0.28	0.23521343103284914	0.19684962507073792	0.038553790921989815	0.00047606656891152
0.29000000000000004	0.2370331374443258	0.19869172555976372	0.040047024649018395	0.0005102683449440928
0.3	0.23879052907025106	0.20046990169495413	0.04151661944175493	0.0005456129608494376
0.31	0.2404897421459045	0.20218844592713228	0.042962537963414565	0.0005820947699914213
0.32	0.24213450968107902	0.20385122975705833	0.04438484130624761	0.0006197079779699672
0.33	0.24372821222252206	0.20546175492960048	0.045783671732024765	0.0006584466438143959
0.34	0.2452739377286535	0.20702321300478602	0.04715923869615646	0.0006983046895025727
0.35000000000000003	0.24677448785735945	0.20853850479067398	0.048511805583177484	0.0007392758995433787
0.36000000000000004	0.24823243281112167	0.21001028315248055	0.04984167983920393	0.0007813539258965757
0.37	0.24965012237050707	0.21144097429732842	0.05114920412411522	0.0008245322920912635
0.38	0.25102973913223836	0.21283282789873406	0.05243474598144334	0.000868804397049955
0.39	0.2523732608945952	0.2141878833021022	0.05369870368107334	0.0009141635190842448
0.4	0.25368253540182856	0.21550803556697012	0.05494148089873941	0.0009606028198704401
0.41000000000000003	0.2549592661231026	0.2167950571932497	0.056163497462739055	0.0010081153484758252
0.42000000000000004	0.25620503651892146	0.21805056281927226	0.05736517926535963	0.001056694045164053
0.43	0.2574210523116694	0.2192760584200131	0.05854695691950837	0.0011063317456367777
0.44	0.25860946143587016	0.22047294820814384	0.05970926568993864	0.001157021184832078
0.45	0.2597707533716188	0.2216425394489263	0.06085253771670666	0.0012087550015511166
0.46	0.2609063780609106	0.22278604915801423	0.0619771565986578	0.0012615257399340508
0.47000000000000003	0.2620174466524044	0.22390461907867132	0.06308369154558131	0.0013153258576038109
0.48000000000000004	0.26310485747358925	0.2249993144440334	0.06417241061385134	0.0013701477240239354
0.49	0.2641700079148799	0.22607112850831465	0.06524381046614383	0.001425983662448431
0.5	0.26521339961566404	0.2271209141265069	0.06629822607323835	0.0014828258254379802
0.51	0.26623602897958587	0.22814983930345592	0.06733620026334913	0.0015406663814802244
0.52	0.26723870700751284	0.22915843862758337	0.06835799572843439	0.0015994974012171243
0.53	0.26822219756159094	0.2301475911705	0.06936404219073174	0.0016593108871173928
0.54	0.2691872232809194	0.2311180345171081	0.07035471703412086	0.0017200987814577988
0.55	0.270134464066961	0.23207046348019558	0.07133038884713162	0.0017818529279649972
0.56	0.2710645631268741	0.23300553459852294	0.07229141731672362	0.0018445652318140712
0.5700000000000001	0.27197813480217203	0.23392387370618511	0.07323815378066142	0.0019082274323345167
0.5800000000000001	0.27287574737645015	0.23482606119426253	0.07417093621415674	0.0019728312561477623
0.59	0.27375796166451666	0.2357126687531157	0.0750901042400057	0.002038368387932063
0.6	0.27462529176322603	0.23658421989768902	0.07599597866982241	0.002104830470317531
0.61	0.2754782316467541	0.23744121784945071	0.07688887463149277	0.0021722091080788857
0.62	0.2763172515096999	0.23828414141528947	0.07776909960164735	0.002240495871406783
0.63	0.27714279742045134	0.23911344472562052	0.07863695077502597	0.002309682299119868
0.64	0.277955297787283	0.23992956367660842	0.07949271888358693	0.002379759901816456
0.65	0.27875515801845413	0.24073291064160485	0.08033668527451251	0.002450720164964911
0.66	0.27954276558094093	0.24152387971142192	0.08116912521465504	0.002522554550632535
0.67	0.2803184906291477	0.2423028471576185	0.08199030186326538	0.002595254598175705
0.68	0.28108268666495484	0.2430701727149484	0.08280048043962138	0.0026688113772224222
0.6900000000000001	0.2818356915890838	0.24382619821150323	0.08359990845762691	0.0027432166697687037
0.7000000000000001	0.2825778274267231	0.24457125243409375	0.0843888241813943	0.002818461839229579
0.7100000000000001	0.28330940703799623	0.24530565245060093	0.08516747276103992	0.002894538220777817
0.72	0.28403072018153186	0.24602969576790668	0.0859360818603402	0.0029714372021048645
0.73	0.284742058696579	0.24674366793958208	0.08669487527675779	0.0030491501745189007
0.74	0.2854436941773094	0.24744785408012587	0.0874440704127737	0.003127668522596793
0.75	0.28613588250841704	0.24814251450048844	0.08818387839402045	0.0032069836381505095
0.76	0.28681888066133154	0.24882790522842263	0.08891450645203458	0.0032870869160047155
0.77	0.28749292204933696	0.2495042645751079	0.08963614809589553	0.0033679697568214364
0.78	0.28815824581211624	0.2501718348799905	0.09034900258594955	0.0034496235730926425
0.79	0.2888150742372244	0.2508308414313069	0.09105325500951794	0.003532039790396878
0.8	0.28946361798996467	0.25148149777191614	0.0917490919919413	0.0036152098384602885
0.81	0.29010408342382354	0.25212401278390223	0.09243668605668523	0.0036991251736734564
0.8200000000000001	0.29073667217268084	0.2527585909351406	0.09311621531399719	0.003783777261288198
0.8300000000000001	0.29136157593763506	0.25338542635117267	0.09378784531335647	0.003869157591873357
0.8400000000000001	0.2919789795401272	0.2540047057793967	0.09445173940283842	0.003955257675567845
0.85	0.29258905866215157	0.25461660747106524	0.09510805647783492	0.004042069043037038
0.86	0.2931919862137972	0.2552213064346671	0.09575695087538026	0.004129583257889357
0.87	0.2937879272208819	0.2558189701881012	0.09639852539479973	0.0042177919026793525
0.88	0.29437704358284844	0.25640976086793615	0.09703306866618995	0.0043066865943852985
0.89	0.29495948900556207	0.2569938348877724	0.09766050628077559	0.004396258971485407
0.9	0.2955354144686342	0.25757127507611816	0.09828118010153028	0.0044865007031479245
0.91	0.29610489996067196	0.2581423714427048	0.09889514222960537	0.0045774035084522515
0.92	0.2966682156625834	0.25870718933190956	0.0995025762682337	0.004668959129949704
0.93	0.2972254293755672	0.25926586530107093	0.10010349845659743	0.004761159332050732
0.9400000000000001	0.2977766713145881	0.2598185319967586	0.10069809227081705	0.004853996240888751
0.9500000000000001	0.29832206793361155	0.2603653168117122	0.10128644281373429	0.004947461112571936
0.9600000000000001	0.29886174198763704	0.26090634363542614	0.10186874394755328	0.0050415461368832825
0.97	0.2993957788530416	0.26144169916281157	0.10244506948135988	0.005136243243441868
0.98	0.2999243957515687	0.26197160209462816	0.10301548432815484	0.0052315440810764705
0.99	0.30044760265657805	0.2624960631502893	0.10358023871001464	0.005327441296061402
1.	0.30096554087579497	0.2630152248365802	0.10413924911733913	0.005423926646874414
1.05	0.30347978153751276	0.2655351570952073	0.10685333739236723	0.0059149012586485845
1.1	0.30587684562275347	0.2679372826768888	0.10944071239845882	0.006419414842524196
1.15	0.30816717744825634	0.27023213831678905	0.11191182578298706	0.006936529803389665
1.2	0.3103598795827386	0.27242890410107296	0.1142762607363175	0.007465340655674883
1.25	0.31246293962762306	0.2745356277203546	0.11654215171319789	0.008004976250153907
1.3	0.3144834035666887	0.2765594084557293	0.1187171701762531	0.008554600662296618
1.35	0.3164275081188849	0.27850653625273686	0.12080789703701661	0.009113413077583931
1.4	0.3183008381565911	0.2803826093229006	0.12282033124502617	0.009680648311934067
1.45	0.32010811549694357	0.28219239140171354	0.1247598746278536	0.010255589776399987
1.5	0.32185452504110856	0.28394110856908655	0.12663141712014497	0.010837503354560732
1.55	0.3235433379339834	0.28563204073017906	0.12843938198945345	0.011425767954997121
1.6	0.3251785349931752	0.2872691916725603	0.13018775798273757	0.012019743377437773
1.65	0.3267633635531163	0.2888558279905389	0.13188029145149885	0.012618836339292089
1.7000000000000002	0.32830083699783624	0.29039497534520975	0.1335202802395266	0.013222484588688297
1.75	0.3297936992525656	0.29188939177726847	0.1351107880327672	0.013830155690366833
1.8	0.3312444744195453	0.29334161274800213	0.13665462655673083	0.014441347967527508
1.85	0.33265547270650564	0.2947539576872438	0.13815438079573938	0.015055587791984345
1.9	0.33402880897208803	0.29612855347164696	0.1396124320628052	0.015672428826394854
1.9500000000000002	0.3353664485649472	0.2974673702298633	0.1410309789444504	0.016291450834461874
2.	0.3366701984367114	0.29877222263397446	0.14241205427900339	0.016912258436768458
2.05	0.33794173334650446	0.300044792966093	0.14375751433122724	0.017534479926380242
2.1	0.33918259502153225	0.3012866260557029	0.14506916045647017	0.01815776684121879
2.1500000000000004	0.34039425127362893	0.30249919882245346	0.14634860084631263	0.018781791704095895
2.2	0.3415780442501138	0.30368385460361624	0.14759733734965513	0.019406247343198315
2.25	0.3427352204113024	0.304841844936255	0.14881678317501712	0.02003084677207196
2.3	0.3438669438615667	0.30597433775560523	0.15000825142562188	0.020655320695502518
2.35	0.3449743174669697	0.30708243899600446	0.15117297951322828	0.021279417674346487
2.4000000000000004	0.34605808378351033	0.30816689282574233	0.15231212021877583	0.021902902696433742
2.45	0.3471200515111823	0.30922951436542984	0.15342675549427437	0.02252555637377907
2.5	0.34816027405843863	0.3102703564057072	0.15451790557196188	0.023147173951632245
2.55	0.34917983739843184	0.31129051084458254	0.15558652015907892	0.02376756527207568
2.6	0.3501796572656785	0.31229088991132903	0.1566334491046306	0.024386552855492565
2.6500000000000004	0.3511604179503518	0.3132721837087005	0.1576596499385577	0.025003971263028498
2.7	0.3521228409275561	0.314235114461405	0.1586658650074407	0.025619667425774654
2.75	0.35306759604174626	0.3151803540861931	0.159652844601204	0.026233499172182675
2.8	0.353995320635511	0.3161085406182296	0.1606213017589904	0.026845334735379117
2.85	0.3549066367940633	0.3170202982142187	0.1615719120888683	0.027455052184838537
2.9000000000000004	0.35580205810111093	0.31791614177050004	0.16250531429920842	0.02806253883114378
2.95	0.35668218621952574	0.3187966727771795	0.16342211408873053	0.028667690654096356
3.	0.3575475189835034	0.31966239187709855	0.1643228854636754	0.029270411980163145
3.0500000000000003	0.3583985415402742	0.32051378392503843	0.16520817674041866	0.029870614551364413
3.1	0.3592357197667526	0.3213513173215906	0.16607850358708476	0.030468221576271222
3.15	0.36005949746849686	0.32217543483743827	0.16693436285046448	0.031063148130190663
3.2	0.36087019834764467	0.3229864617489977	0.16777621800543632	0.031655337486484636
3.25	0.3616692149420196	0.3237850077145158	0.16860441187182745	0.032244724230022885
3.3000000000000003	0.3624544814334494	0.3245713596843892	0.16941960232789857	0.032831252984409975
3.35	0.36322871020978587	0.3253458783923399	0.1702220702546321	0.03341487254136038
3.4000000000000004	0.36399146007926547	0.32610890618587013	0.1710122045400088	0.03399553772514822
3.45	0.3647430699454297	0.3268607842474706	0.17179037605197162	0.03457320763324866
3.5	0.3654838608220415	0.3276018341407634	0.17255693892276192	0.035147845712308175
3.5500000000000003	0.366214140536435	0.32833236268013866	0.17331223323773842	0.035719419798033544
3.6	0.36693420400049975	0.32905266667713745	0.17405658321739506	0.03628789826026365
3.6500000000000004	0.36764433139832836	0.3297630256224793	0.1747902990534876	0.036853264892217075
3.7	0.3683447936287848	0.33046371170859856	0.17551368031788347	0.03741541636777811
3.75	0.3690358514740329	0.3311549843701073	0.17622701366589325	0.037974558311176645
3.8000000000000003	0.36971671086593255	0.3318360495604626	0.17693057024022757	0.0385304519824828
3.85	0.3703907383533028	0.3325102809212875	0.17762345635388524	0.039083165292354456
3.9000000000000004	0.3710547788702054	0.33317477471829654	0.17830939906818044	0.03963268167012985
3.95	0.3717106264435524	0.3338305509357574	0.17898516612581006	0.04017899641130895
4.	0.3723582225249161	0.334478561618	0.17965191127735217	0.04072210342917086
4.050000000000001	0.3729980330547628	0.3351183169878979	0.18031057673521894	0.04126200018284311
4.1	0.37362967747409936	0.3357501322340802	0.1809606597235016	0.041798685074047076
4.15	0.37425370264273805	0.3363743227744208	0.1816026099389607	0.04233216002732126
4.2	0.37487025606475444	0.33699103646048184	0.18223662394006282	0.04286242728179516
4.25	0.3754795114062075	0.3376004471674054	0.18286289813518722	0.043389490970107164
4.300000000000001	0.3760816404315038	0.33820272744163776	0.18348161818239794	0.04391335672821198
4.35	0.376676806395557	0.3387980389707931	0.184092964437937	0.04443403174813153
4.4	0.3772651449886377	0.3393865194384518	0.1846971071215115	0.04495152407194672
4.45	0.3778468819140266	0.3399683941083134	0.18529421562921594	0.04546584411819836
4.5	0.37842199305261576	0.34054363903985496	0.18588444582155472	0.045977002242792955
4.550000000000001	0.37899085800210197	0.3411126338661036	0.18646787132727827	0.04648501042905948
4.6	0.3795535100492173	0.34167541172173493	0.18704483581876474	0.046989881047186405
4.65	0.3801100719156276	0.3422320962593287	0.18761537908421252	0.04749162803012333
4.7	0.38066067951954285	0.3427828231285783	0.18817964221743533	0.04799026580806119
4.75	0.38120545892396496	0.3433277185208315	0.18873776140235385	0.04848580915666968
4.800000000000001	0.3817445322377134	0.3438669505869016	0.18928992300438752	0.04897827556005205
4.85	0.3822780177777992	0.3444005378869429	0.18983614102605662	0.0494676801491821
4.9	0.38280606306868753	0.34492865223063196	0.1903765982573444	0.04995404063602521
4.95	0.3833287092034152	0.34545140240425815	0.1909114213274235	0.05043737454000183
5.	0.3838461017772594	0.34596889629369915	0.19144072152823016	0.050917700464648316