0	0	0	0	0
0.01	0.004640134381639965	0.004567333015557513	0.00027408421868898897	3.0935227355601604e-6
0.02	0.01734160032046246	0.01708858225591906	0.001084640502789211	0.00001237204132339383
0.03	0.0350755800627933	0.0346229284785283	0.0023981331568050813	0.0000278294123143618
0.04	0.05440906884653317	0.053819662836309186	0.0041634449155933655	0.00004945541461640204
0.05	0.07272975866613768	0.07210402009965379	0.006317795554852058	0.00007723577636134713
0.060000000000000005	0.08870206527640001	0.08813169427144159	0.008793035785748275	0.00011115221225354518
0.06999999999999999	0.10204459458282422	0.10158879139174475	0.011521212892291263	0.00015118247122011775
0.08	0.11305554381624587	0.11273998126721207	0.014438744268993078	0.0001973003939864765
0.09	0.12221835562804745	0.1220451211556901	0.017489018783180953	0.0002494759802678132
0.09999999999999999	0.12998837360391036	0.12994701976373885	0.02062359708052846	0.00030767546513988124
0.11	0.1367205968171437	0.13679585011034887	0.023802357127625726	0.00037186140412557726
0.12	0.14266890338270774	0.14284503365039514	0.026992979817856123	0.00044199276648541257
0.13	0.1480092138376693	0.14827175811217574	0.030170055774791482	0.0005180250357321793
0.14	0.1528637336355918	0.15320019972771984	0.03331407243442558	0.0005999103192937203
0.15000000000000002	0.1573195063898573	0.15771942187950724	0.03641041049723192	0.0006875974606115001
0.16	0.16144073453345187	0.16189521871698231	0.039448418575128326	0.0007810321596285725
0.17	0.16527609366043064	0.165777938491126	0.04242062279618007	0.0008801571030832221
0.18000000000000002	0.16886405407029692	0.16940707561173787	0.04532204389788592	0.0009849120870288716
0.19	0.1722353065398138	0.1728144499524323	0.048149654085648336	0.0010952341554343937
0.2	0.17541507024676517	0.17602601203344412	0.05090191579706307	0.0012110577365223362
0.21000000000000002	0.17842424588247904	0.17906330115315616	0.053578432963759824	0.0013323147822751217
0.22	0.18128044550964834	0.18194448379247166	0.05617967926283381	0.0014589349097587612
0.23	0.18399859294688556	0.18468494874742056	0.0587067373889726	0.0015908455445530051
0.24000000000000002	0.1865915251360244	0.18729789391447146	0.06116116908391248	0.0017279720630329828
0.25	0.18907033871306542	0.1897947225576008	0.06354485084785716	0.001870237943135911
0.26	0.19144469080029516	0.19218535973131967	0.06585988356689129	0.0020175648964287393
0.27	0.19372308165231317	0.1944784872157336	0.06810850661726	0.0021698730166977765
0.28	0.19591295901426783	0.19668179268417657	0.0702930298756976	0.002327080924123452
0.29000000000000004	0.1980209671201691	0.198802030595055	0.07241580180206508	0.002489105901902159
0.3	0.20005299362922624	0.200845273600217	0.07447916526392344	0.0026558640355520604
0.31	0.20201434970026877	0.20281702344624095	0.07648543186611884	0.0028272703439913673
0.32	0.2039099373623531	0.2047218718640036	0.07843686717733034	0.0030032389152710387
0.33	0.2057436835057011	0.2065643319926375	0.08033567416502606	0.0031836830328131377
0.34	0.20751965842396533	0.20834835722635908	0.08218398051939232	0.0033685153034005108
0.35000000000000003	0.20924138580926938	0.2100775360385274	0.08398385828626626	0.003557647776771051
0.36000000000000004	0.21091206952787367	0.21175513528162793	0.08573726611789319	0.0037509920455822262
0.37	0.21253464295803765	0.2133841556040392	0.08744610534545322	0.003948459433124145
0.38	0.21411179375823164	0.21496727087301762	0.08911218457659216	0.00414996099268645
0.39	0.21564598835473037	0.2165070508067071	0.09073723889157152	0.004355407685371562
0.4	0.21713948957242837	0.2180057672056208	0.09232291882367624	0.00456471046275523
0.41000000000000003	0.21859440442693315	0.21946555755734345	0.09387080029848756	0.004777780497263125
0.42000000000000004	0.22001265760054017	0.22088839322289647	0.09538238436950716	0.004994528741929859
0.43	0.22139604750824907	0.2222760815437886	0.09685909841837105	0.0052148668161383195
0.44	0.2227462825017049	0.22363035710525472	0.09830230304457939	0.005438706402289922
0.45	0.2240648376141154	0.22495269810665522	0.09971329478414105	0.005665960050819354
0.46	0.2253531301482544	0.22624456871423104	0.10109330303979046	0.005896540382369244
0.47000000000000003	0.22661261422998408	0.22750742171257335	0.10244350017779542	0.006130360730934335
0.48000000000000004	0.22784448497705015	0.2287425035715534	0.10376500548664834	0.006367335067137866
0.49	0.22904996338133546	0.22995099910737007	0.10505887402292831	0.006607378059360351
0.5	0.23023012307729512	0.23113401482190699	0.10632612888473728	0.0068504051063972985
0.51	0.23138597922600337	0.2322925786698723	0.10756772204420155	0.007096332486622849
0.52	0.23251853880812695	0.23342770824724918	0.1087845739816053	0.007345077264568204
0.53	0.23362869870012862	0.23454031951992413	0.10997755935629133	0.007596557313177351
0.54	0.23471735397303944	0.23563128256917001	0.11114751004505787	0.007850691795611289
0.55	0.23578528655746045	0.23670142065798294	0.11229522267226257	0.008107400514708804
0.56	0.23683326617069217	0.2377514822075984	0.11342145145743504	0.00836660440413301
0.5700000000000001	0.2378620407462962	0.23878227583308517	0.11452692118156779	0.008628225440036523
0.5800000000000001	0.2388722894217051	0.23979443250208493	0.11561232275111578	0.008892186680098958
0.59	0.23986467333414652	0.24078863792470082	0.11667831271041793	0.009158412285555494
0.6	0.24083978122297392	0.2417654855564826	0.11772552183858571	0.009426827352916334
0.61	0.24179822883906238	0.24272559638614724	0.11875456668577518	0.00969735866304078
0.62	0.24274056416884768	0.2436695225777753	0.11976597698882403	0.00996993375225486
0.63	0.24366731701021424	0.24459781319095156	0.12076035554739274	0.010244481131669427
0.64	0.24457899218881973	0.24551093227379842	0.12173819855236023	0.0105209308464112
0.65	0.24547606739606756	0.2464094052301264	0.12270002281711012	0.010799214053117349
0.66	0.24635900306306546	0.24729368181013373	0.12364630866033509	0.01107926309624144
0.67	0.247228207103417	0.24816417367348462	0.12457751717526869	0.011361011518828117
0.68	0.2480841557881867	0.24902140260403613	0.12549409531056466	0.011644394175872435
0.6900000000000001	0.24892723288642749	0.24986561513113562	0.1263964670072681	0.011929346908910855
0.7000000000000001	0.24975777787584194	0.2506977489673188	0.12728503917926293	0.01221580696827697
0.7100000000000001	0.25057664677183705	0.25151722157023654	0.12816021033548985	0.012503712810896636
0.72	0.2513832202124487	0.25232485669163085	0.1290223472383994	0.012793004017460082
0.73	0.25217830657397505	0.25312099178469233	0.12987181676770407	0.013083621422378856
0.74	0.2529622980920522	0.2539059363536007	0.13070896486741224	0.013375507068228546
0.75	0.2537354292523335	0.254680014079326	0.131534131251528	0.013668604184858237
0.76	0.2544980176426951	0.2554435151329725	0.1323476322295397	0.013962857190292152
0.77	0.2552503453478567	0.2561967232145407	0.13314977716013693	0.014258211716257867
0.78	0.2559926832372604	0.2569399107744837	0.13394086523286547	0.014554614461627218
0.79	0.25672529228766744	0.25767334014156873	0.13472118307435071	0.014852013388249019
0.8	0.2574484216385026	0.2583972618234503	0.13549100663766694	0.01515035756598818
0.81	0.25816231257301975	0.2591119168867178	0.13625060223440383	0.015449597218799915
0.8200000000000001	0.2588671951908837	0.25981754122803963	0.13700022643035925	0.015749683687341188
0.8300000000000001	0.2595632959051935	0.2605143577415903	0.1377401268060494	0.016050569414582452
0.8400000000000001	0.2602508297104337	0.26120258242259514	0.13847054212290522	0.01635220792549515
0.85	0.2609299999746564	0.2618824250251075	0.13919170302055367	0.016654553860984137
0.86	0.26160100941787046	0.2625540828716616	0.13990383151809974	0.016957562904557227
0.87	0.26226404973944645	0.2632177515669285	0.14060714283607068	0.017261191834573714
0.88	0.2629193072207243	0.26387361830275347	0.1413018446597835	0.017565398415370997
0.89	0.26356696155668674	0.26452186261374816	0.14198813712659536	0.017870141494879685
0.9	0.2642071857693155	0.2651626507840856	0.14266621464951157	0.018175380852875057
0.91	0.2648401316240756	0.2657962039685457	0.1433362512800956	0.018481077340920592
0.92	0.2654659928670941	0.2664225595953662	0.14399846688925308	0.01878719269058842
0.93	0.2660849276685182	0.26704201694380575	0.1446529996170761	0.019093689590156976
0.9400000000000001	0.26669705333364335	0.26765464990148424	0.1453000302203785	0.019400531892124987
0.9500000000000001	0.2673025334119288	0.2682606223480757	0.1459397252859985	0.019707684128015285
0.9600000000000001	0.2679015100777777	0.2688600781301024	0.1465722437387863	0.020015111828838687
0.97	0.2684941200731692	0.2694531528137124	0.14719773850142173	0.020322781436244098
0.98	0.2690804972203086	0.2700399818929865	0.14781636005610488	0.020630660167789538
0.99	0.2696607701510805	0.2706206942317312	0.1484282534916474	0.020938716214499137
1.	0.2702350641224308	0.2711954155015977	0.14903356043074834	0.02124691870009535
1.05	0.27302097319787383	0.2739832907917796	0.1519659089032402	0.022789097395139804
1.1	0.2756741454597316	0.276638194616548	0.15475239921948764	0.024330740868577214
1.15	0.2782065489186071	0.27917212088328314	0.15740654280690303	0.025868827699561572
1.2	0.2806287843795505	0.28159570679719376	0.15994010119051294	0.027400747151591128
1.25	0.28294986286673307	0.28391798871214147	0.16236335575696315	0.028924256483352846
1.3	0.28517776148122964	0.286147099671019	0.16468535649775956	0.030437438230607235
1.35	0.28732001607149654	0.28829018509717247	0.16691409863260095	0.031938665824770986
1.4	0.2893825698689399	0.29035361421106864	0.169056679913647	0.033426567342260294
1.45	0.29137123481914873	0.29234306697555695	0.1711194311277933	0.03489999678840478
1.5	0.2932910890388213	0.2942636369762785	0.17310801440585047	0.03635800648421857
1.55	0.29514672091693966	0.29611991946913435	0.1750275185011227	0.03779982251466797
1.6	0.2969422592965838	0.29791606105447654	0.1768825395277961	0.03922482329948466
1.65	0.2986814608322415	0.2996558102767287	0.1786772272799613	0.04063252013988982
1.7000000000000002	0.30036773651998777	0.3013425870357775	0.18041533649103517	0.0420225399976375
1.75	0.302004191756864	0.3029795060959663	0.18210030982946898	0.04339461139512805
1.8	0.30359367573272666	0.3045694198864439	0.1837352754043794	0.04474854801769123
1.85	0.3051388008752184	0.30611493735425127	0.18532307888583438	0.046084243439380994
1.9	0.3066420362114347	0.30761854022705504	0.1868663615550556	0.04740165331764683
1.9500000000000002	0.30810536185517495	0.3090822083065733	0.1883675353055027	0.04870079079369116
2.	0.3095310479271398	0.3105082087945141	0.1898288148308719	0.049981716558127984
2.05	0.31092090451831866	0.31189835757909	0.19125225885524486	0.05124453355861872
2.1	0.3122766710429082	0.3132544020769225	0.19263976619973222	0.05248937929517047
2.1500000000000004	0.31359998322108185	0.3145779760927019	0.19399309732369593	0.0537164211127171
2.2	0.31489234653671994	0.31587058303632715	0.19531388778196757	0.0549258513785178
2.25	0.31615516798076654	0.3171336326611322	0.19660365519746295	0.05611788329207871
2.3	0.31738976787905737	0.3183684467880219	0.19786382056698648	0.057292747809486066
2.35	0.3185973685979872	0.31957624892244885	0.1990957054161769	0.0584506887002829
2.4000000000000004	0.31977912188327995	0.3207581918484292	0.2003005487925064	0.05959196095523899
2.45	0.32093610712350773	0.3219153555911703	0.20147949750415325	0.06071683206690031
2.5	0.3220693336110757	0.323048750804287	0.20263364911734835	0.061825572229810305
2.55	0.32317975567734314	0.3241593322563068	0.20376401750679918	0.06291845676421952
2.6	0.324268268391418	0.32524799602233057	0.20487155933080392	0.06399576845025991
2.6500000000000004	0.32533571569928726	0.3263155861533888	0.20595717486490353	0.06505778858746412
2.7	0.32638286076621437	0.32736286697676115	0.20702171367102765	0.06610479968845315
2.75	0.3274105541141876	0.3283906893356145	0.20806597535481475	0.06713708531213874
2.8	0.3284194081933441	0.3293996653567938	0.20909071507816585	0.0681549276057129
2.85	0.3294101298308415	0.33039050330561504	0.21009664808412595	0.0691586073646547
2.9000000000000004	0.3303833552424046	0.3313638393452943	0.2110844499839077	0.07014840201805703
2.95	0.3313396949125337	0.33232027982700185	0.21205476158504946	0.07112458712309724
3.	0.33227970566464965	0.3332603957238252	0.21300819377195915	0.07208743470846847
3.0500000000000003	0.3332039486724434	0.33418473474288546	0.2139453115201856	0.07303721294207532
3.1	0.3341129376263756	0.33509381539833416	0.2148666656603907	0.07397418658455573
3.15	0.3350071657718161	0.3359881310112722	0.21577278286137547	0.07489861748372093
3.2	0.3358871038809948	0.3368681529193299	0.2166641538797349	0.0758107542083614
3.25	0.33675319830043515	0.33773432727681013	0.2175412499015155	0.07671085572541986
3.3000000000000003	0.33760587871076103	0.33858708437303725	0.21840451980773395	0.07759916484286776
3.35	0.33844554105935837	0.339426820197051	0.21925439473078387	0.07847592419185971
3.4000000000000004	0.33927258960536927	0.34025394411329124	0.22009127466119377	0.07934136872923425
3.45	0.34008739049395387	0.34106880763630854	0.22091555893577786	0.08019572967846476
3.5	0.3408903301076765	0.34187181208084877	0.22172761410535674	0.08103923563787521
3.5500000000000003	0.3416816589883193	0.342663203311427	0.2225278279591776	0.08187210761714875
3.6	0.34246179843419416	0.34344340264325385	0.22331645878219092	0.0826945620403863
3.6500000000000004	0.3432310190722238	0.34421267438360353	0.22409391509316143	0.08350681165410714
3.7	0.3439896239069814	0.3449713416020066	0.2248604824916382	0.08430906302096496
3.75	0.34473790546472854	0.34571967599032116	0.22561646728232543	0.08510151826086215
3.8000000000000003	0.34547613921344184	0.3464579673258324	0.2263621354341353	0.08588437602735219
3.85	0.3462045895520073	0.34718646084254157	0.2270977902876124	0.08665782817539643
3.9000000000000004	0.34692351139595756	0.3479054305991648	0.22782368478068857	0.08742201462468491
3.95	0.3476331508135842	0.3486151158536228	0.228540077596345	0.08817726669140433
4.	0.3483337420584366	0.34931575148035937	0.22924720891916237	0.08892361563628312
4.050000000000001	0.349025512093701	0.35000756238778685	0.22994531729106796	0.08966128703455786
4.1	0.34970864179926436	0.35069073307575405	0.2306346262314516	0.09039045139372269
4.15	0.3503834557142607	0.3513655871126256	0.23131536027925995	0.0911112753532914
4.2	0.3510500389700412	0.35203221113894795	0.23198772696914974	0.09182392197059262
4.25	0.35170863296153754	0.3526908424806947	0.23265193105619097	0.09252854640258244
4.300000000000001	0.3523594188611922	0.35334166450910937	0.2333081625845459	0.09322531324192582
4.35	0.3530025832817325	0.35398486394189543	0.23395661581839997	0.09391436626946513
4.4	0.3536382989033769	0.35462061340345324	0.23459746957526992	0.09459585427564386
4.45	0.35426673882356563	0.3552490034470395	0.23523090058594323	0.09526992033474867
4.5	0.3548880719146227	0.35587045090198816	0.23585707814599285	0.09593670472823931
4.550000000000001	0.3555024427596825	0.35648484647738654	0.23647616625909015	0.09659634659362147
4.6	0.35611001543333165	0.3570924549707926	0.23708844590179418	0.09724897852396577
4.65	0.35671093092030237	0.357693399280418	0.23769370215775923	0.09789473096843589
4.7	0.3573053372537291	0.3582878336618695	0.23829245949539946	0.09853373099401158
4.75	0.3578933731672462	0.35887589683540094	0.23888472119258825	0.09916610326526083
4.800000000000001	0.35847517324299905	0.35945772332670123	0.23947062888164794	0.09979196838102124
4.85	0.3590508637983751	0.3600334415906796	0.24005033095422618	0.10041144582103032
4.9	0.35962058039458267	0.36060318118551177	0.2406239447787705	0.10102465085360644
4.95	0.36018443994414834	0.3611670649571796	0.2411916075761204	0.10163169483731299
5.	0.36074256138469024	0.36172520989910795	0.2417534346509049	0.10223268865420893