0 0
0.00399985 0.106898
0.00410147 0.108092
0.00420527 0.109299
0.00431169 0.110519
0.00442083 0.111753
0.0045327 0.112999
0.00464743 0.11426
0.00476505 0.115535
0.00488564 0.116822
0.00500929 0.118124
0.00513605 0.11944
0.00526606 0.120771
0.00539933 0.122116
0.00553598 0.123476
0.00567609 0.124851
0.00581975 0.12624
0.00596703 0.127645
0.00611805 0.129064
0.00627289 0.1305
0.00643165 0.131951
0.00659443 0.133418
0.00676132 0.1349
0.00693244 0.136399
0.0071079 0.137915
0.00728779 0.139446
0.00747223 0.140995
0.00766134 0.14256
0.00785524 0.144141
0.00805404 0.14574
0.00825788 0.147357
0.00846688 0.148991
0.00868116 0.150643
0.00890088 0.152313
0.00912615 0.154001
0.00935712 0.155706
0.00959393 0.15743
0.00983674 0.159173
0.0100857 0.160936
0.0103409 0.162716
0.0106027 0.164516
0.010871 0.166336
0.0111461 0.168174
0.0114282 0.170033
0.0117175 0.171912
0.012014 0.173811
0.0123181 0.17573
0.0126298 0.17767
0.0129495 0.179631
0.0132772 0.181612
0.0136133 0.183615
0.0139578 0.185639
0.014311 0.187685
0.0146732 0.189753
0.0150446 0.191842
0.0154253 0.193954
0.0158157 0.196088
0.016216 0.198245
0.0166265 0.200424
0.0170472 0.202627
0.0174787 0.204853
0.017921 0.207101
0.0183746 0.209375
0.0188396 0.211672
0.0193164 0.213993
0.0198053 0.216338
0.0203066 0.218708
0.0208204 0.221102
0.0213473 0.223522
0.0218876 0.225967
0.0224417 0.228436
0.0230096 0.230933
0.0235919 0.233454
0.024189 0.236001
0.0248013 0.238575
0.0254289 0.241176
0.0260725 0.243803
0.0267323 0.246456
0.0274089 0.249138
0.0281026 0.251846
0.0288138 0.254582
0.029543 0.257345
0.0302908 0.260137
0.0310574 0.262957
0.0318433 0.265805
0.0326493 0.268682
0.0334757 0.271588
0.0343228 0.274522
0.0351915 0.277486
0.0360821 0.280479
0.0369953 0.283501
0.0379316 0.286554
0.0388917 0.289637
0.039876 0.29275
0.0408852 0.295892
0.0419199 0.299066
0.0429808 0.30227
0.0440686 0.305506
0.045184 0.308772
0.0463275 0.31207
0.0475 0.315399
0.0487021 0.31876
0.0499347 0.322152
0.0511985 0.325577
0.0524942 0.329033
0.0538228 0.332522
0.055185 0.336043
0.0565817 0.339596
0.0580137 0.343181
0.0594819 0.3468
0.0609873 0.350451
0.0625308 0.354136
0.0641133 0.357853
0.065736 0.361604
0.0673996 0.365388
0.0691054 0.369205
0.0708544 0.373055
0.0726477 0.376939
0.0744863 0.380857
0.0763714 0.384807
0.0783043 0.388792
0.080286 0.39281
0.082318 0.396861
0.0844013 0.400946
0.0865374 0.405065
0.0887276 0.409217
0.0909731 0.413402
0.0932754 0.417622
0.0956362 0.421875
0.0980566 0.42616
0.100538 0.430479
0.103083 0.434831
0.105691 0.439216
0.108366 0.443634
0.111109 0.448084
0.113921 0.452567
0.116804 0.457083
0.11976 0.46163
0.122791 0.46621
0.125899 0.47082
0.129086 0.475463
0.132352 0.480137
0.135702 0.484841
0.139137 0.489576
0.142658 0.494341
0.146268 0.499136
0.14997 0.50396
0.153766 0.508814
0.157657 0.513696
0.161647 0.518606
0.165738 0.523544
0.169933 0.528509
0.174234 0.533501
0.178643 0.538518
0.183165 0.543561
0.1878 0.548629
0.192553 0.553722
0.197427 0.558837
0.202423 0.563976
0.207546 0.569138
0.212799 0.574321
0.218184 0.579523
0.223706 0.584747
0.229368 0.589989
0.235173 0.59525
0.241124 0.600528
0.247227 0.605823
0.253484 0.611133
0.259899 0.616457
0.266477 0.621796
0.273221 0.627146
0.280136 0.632508
0.287226 0.637881
0.294495 0.643263
0.301948 0.648653
0.30959 0.65405
0.317425 0.659452
0.325459 0.66486
0.333695 0.670271
0.342141 0.675684
0.3508 0.681098
0.359678 0.686511
0.368781 0.691921
0.378114 0.697329
0.387683 0.702732
0.397495 0.708129
0.407487 0.713484
0.417486 0.718703
0.427486 0.72379
0.437486 0.728749
0.447486 0.733585
0.457486 0.738304
0.467486 0.742908
0.477486 0.747402
0.487485 0.751791
0.497485 0.756076
0.507486 0.760264
0.517485 0.764356
0.527484 0.768357
0.537486 0.772268
0.547486 0.776094
0.557484 0.779835
0.567484 0.783496
0.577483 0.787079
0.587485 0.790587
0.597485 0.794021
0.607486 0.797384
0.617485 0.800678
0.627483 0.803905
0.637483 0.807067
0.647483 0.810165
0.657483 0.813203
0.667484 0.816181
0.677483 0.819101
0.687484 0.821965
0.697483 0.824774
0.707482 0.82753
0.717484 0.830236
0.727481 0.832885
0.737484 0.835492
0.747484 0.83805
0.757482 0.840558
0.767481 0.843024
0.777484 0.845449
0.787484 0.847824
0.797481 0.850158
0.80748 0.852451
0.817482 0.854711
0.827483 0.856929
0.837482 0.859106
0.847482 0.861249
0.857483 0.863352
0.867482 0.865421
0.877482 0.867457
0.887481 0.86946
0.897482 0.87143
0.907483 0.873366
0.917481 0.87527
0.927483 0.877149
0.937483 0.878995
0.947482 0.880807
0.957481 0.882595
0.967482 0.884358
0.97748 0.886088
0.987481 0.887793
0.997481 0.889473
1.00748 0.891128
1.01748 0.89275
1.02748 0.894356
1.03748 0.895937
1.04748 0.897493
1.05748 0.899024
1.06748 0.900539
1.07748 0.902029
1.08748 0.903494
1.09748 0.904942
1.10748 0.906366
1.11748 0.907773
1.12748 0.909163
1.13748 0.910529
1.14748 0.91187
1.15748 0.913202
1.16748 0.91451
1.17748 0.915801
1.18748 0.917076
1.19748 0.918334
1.20748 0.919575
1.21748 0.9208
1.22748 0.922009
1.23748 0.9232
1.24748 0.924376
1.25748 0.925534
1.26748 0.926677
1.27748 0.927811
1.28748 0.92892
1.29748 0.93002
1.30748 0.931113
1.31748 0.932189
1.32748 0.933248
1.33748 0.934291
1.34748 0.935326
1.35748 0.936344
1.36748 0.937354
1.37748 0.938347
1.38748 0.939332
1.39748 0.940308
1.40748 0.941268
1.41748 0.942212
1.42748 0.943147
1.43748 0.944074
1.44748 0.944993
1.45748 0.945895
1.46748 0.946789
1.47748 0.947675
1.48748 0.948544
1.49748 0.949404
1.50748 0.950265
1.51748 0.951101
1.52748 0.951937
1.53748 0.952765
1.54748 0.953576
1.55748 0.954387
1.56748 0.955182
1.57748 0.955968
1.58748 0.956746
1.59748 0.957516
1.60748 0.958285
1.61748 0.959039
1.62748 0.959783
1.63748 0.96052
1.64748 0.961248
1.65748 0.961969
1.66748 0.962689
1.67748 0.963392
1.68748 0.964096
1.69748 0.964783
1.70748 0.96547
1.71748 0.966148
1.72748 0.966819
1.73748 0.967489
1.74748 0.968143
1.75748 0.968797
1.76748 0.969434
1.77748 0.97008
1.78748 0.970709
1.79748 0.971329
1.80748 0.97195
1.81748 0.972563
1.82748 0.973167
1.83748 0.973771
1.84748 0.974367
1.85748 0.974955
1.86748 0.975542
1.87748 0.976113
1.88747 0.976685
1.89748 0.977256
1.90748 0.977818
1.91748 0.978373
1.92747 0.978919
1.93747 0.979465
1.94748 0.980012
1.95747 0.980541
1.96748 0.981079
1.97748 0.981601
1.98748 0.982122
1.99748 0.982635
2.00748 0.983149
2.01747 0.983654
2.02748 0.984158
2.03748 0.984655
2.04748 0.985152
2.05748 0.98564
2.06747 0.98612
2.07747 0.9866
2.08748 0.98708
2.09748 0.987552
2.10747 0.988015
2.11747 0.988479
2.12748 0.988942
2.13748 0.989398
2.14748 0.989853
2.15748 0.9903
2.16747 0.990738
2.17748 0.991185
2.18747 0.991616
2.19748 0.992054
2.20748 0.992485
2.21748 0.992907
2.22748 0.993329
2.23748 0.993751
2.24748 0.994165
2.25748 0.994579
2.26748 0.994984
2.27748 0.99539
2.28748 0.995787
2.29748 0.996193
2.30748 0.996582
2.31748 0.996979
2.32748 0.997368
2.33747 0.997749
2.34748 0.998138
2.35747 0.99851
2.36748 0.998891
2.37748 0.999263
2.38748 0.999636
2.39747 1